# Created by Octave 3.2.4, Fri Oct 12 11:37:11 2012 CEST <jlaraya@jlaraya>
# name: mensual
# type: matrix
# rows: 12
# columns: 7
 1 23.39548387096774 3.179438277458801 29.67 13.23 22.695 13.58996588826391
 2 24.63567528735632 2.926471906017918 29.11 18.91 24.29 11.87900015681673
 3 24.76643527204503 2.684242884491362 30.62 18.34 24.22 10.83822865505875
 4 25.430125 2.629154177094864 30.2 19.71 24.85 10.33873870889295
 5 26.2916061827957 2.575592652690096 31.16 20.6 25.77 9.796254495761742
 6 26.42964343598055 2.528089534316646 31.45 21.69 25.69 9.565356189690316
 7 25.63002688172043 2.315618861687035 30.31 21.76 24.95 9.03478904791378
 8 26.28201612903226 2.726701964160106 31.3 21.87 25.535 10.37478232557689
 9 26.10463888888889 2.810522624277053 32.33 21.42 25.325 10.76637235335715
 10 25.01188172043011 2.824969601806794 31.53 20.07 24.175 11.29451047859111
 11 24.45913888888889 2.585728475115898 31.19 19.07 23.79 10.57162513718144
 12 22.86462365591398 2.494371347267049 28.69 14.59 22.5 10.90930419325697
