# Created by Octave 3.2.4, Fri Oct 12 11:37:11 2012 CEST <jlaraya@jlaraya>
# name: p
# type: matrix
# rows: 22
# columns: 3
 1992 1 31.31
 3888 1 31.28
 3889 1 31.3
 4029 1 31.32
 4225 1 31.35
 4533 1 31.45
 4534 1 32.33
 4535 1 31.78
 4536 1 31.42
 4918 1 31.53
 10749 1 31.45
 6583 1 15.36
 6584 1 14.98
 6585 1 14.59
 6586 1 15.26
 7020 1 14.73
 7021 1 13.7
 7022 1 13.24
 7023 1 13.23
 7024 1 15
 7045 1 15.7
 7055 1 15.85
